Enter file name: spaceship.life

Enter how many generations to compute: 14

Generation 1

0 0 0 0 0 0 0 0 0 0 
0 0 0 0 0 0 0 0 0 0 
0 0 0 0 X X X 0 0 0 
0 0 X 0 0 0 0 X 0 0 
0 0 X 0 0 0 0 X 0 0 
0 0 X 0 0 0 0 X 0 0 
0 0 0 0 0 0 0 0 0 0 
0 0 0 0 X X X 0 0 0 
0 0 0 0 0 0 0 0 0 0 

Generation 2

0 0 0 0 0 0 0 0 0 0 
0 0 0 0 0 X 0 0 0 0 
0 0 0 0 0 X X 0 0 0 
0 0 0 X 0 X 0 X 0 0 
0 X X X 0 0 X X X 0 
0 0 0 0 0 0 0 0 0 0 
0 0 0 0 0 X X 0 0 0 
0 0 0 0 0 X 0 0 0 0 
0 0 0 0 0 X 0 0 0 0 

Generation 3

0 0 0 0 0 0 0 0 0 0 
0 0 0 0 0 X X 0 0 0 
0 0 0 0 0 X 0 0 0 0 
0 0 0 X 0 X 0 0 X 0 
0 0 X X X 0 X X X 0 
0 0 X 0 0 X 0 0 0 0 
0 0 0 0 0 X X 0 0 0 
0 0 0 0 X X 0 0 0 0 
0 0 0 0 0 0 0 0 0 0 

Generation 4

0 0 0 0 0 0 0 0 0 0 
0 0 0 0 0 X X 0 0 0 
0 0 0 0 0 X 0 0 0 0 
0 0 X X 0 X 0 0 X 0 
0 0 X 0 0 0 X X X 0 
0 0 X 0 0 0 0 0 0 0 
0 0 0 0 0 0 X 0 0 0 
0 0 0 0 X X X 0 0 0 
0 0 0 0 0 0 0 0 0 0 

Generation 5

0 0 0 0 0 0 0 0 0 0 
0 0 0 0 0 X X 0 0 0 
0 0 0 0 0 X 0 0 0 0 
0 0 X X X X 0 0 X 0 
0 X X 0 0 0 X X X 0 
0 0 0 0 0 0 X 0 0 0 
0 0 0 0 0 0 X 0 0 0 
0 0 0 0 0 X X 0 0 0 
0 0 0 0 0 X 0 0 0 0 

Generation 6

0 0 0 0 0 0 0 0 0 0 
0 0 0 0 0 X X 0 0 0 
0 0 0 X 0 0 0 0 0 0 
0 X X X X X 0 0 X 0 
0 X X 0 X 0 X 0 X 0 
0 0 0 0 0 X X 0 0 0 
0 0 0 0 0 0 X X 0 0 
0 0 0 0 0 X X 0 0 0 
0 0 0 0 0 X X 0 0 0 

Generation 7

0 0 0 0 0 0 0 0 0 0 
0 0 0 0 0 0 0 0 0 0 
0 0 0 X 0 0 X 0 0 0 
0 X 0 0 0 X 0 X 0 0 
0 X 0 0 0 0 X 0 0 0 
0 0 0 0 0 0 0 0 0 0 
0 0 0 0 0 0 0 X 0 0 
0 0 0 0 0 0 0 0 0 0 
0 0 0 0 0 X X 0 0 0 

Generation 8

0 0 0 0 0 0 0 0 0 0 
0 0 0 0 0 0 0 0 0 0 
0 0 0 0 0 0 X 0 0 0 
0 0 X 0 0 X 0 X 0 0 
0 0 0 0 0 0 X 0 0 0 
0 0 0 0 0 0 0 0 0 0 
0 0 0 0 0 0 0 0 0 0 
0 0 0 0 0 0 X 0 0 0 
0 0 0 0 0 0 0 0 0 0 

Generation 9

0 0 0 0 0 0 0 0 0 0 
0 0 0 0 0 0 0 0 0 0 
0 0 0 0 0 0 X 0 0 0 
0 0 0 0 0 X 0 X 0 0 
0 0 0 0 0 0 X 0 0 0 
0 0 0 0 0 0 0 0 0 0 
0 0 0 0 0 0 0 0 0 0 
0 0 0 0 0 0 0 0 0 0 
0 0 0 0 0 0 0 0 0 0 

Generation 10

0 0 0 0 0 0 0 0 0 0 
0 0 0 0 0 0 0 0 0 0 
0 0 0 0 0 0 X 0 0 0 
0 0 0 0 0 X 0 X 0 0 
0 0 0 0 0 0 X 0 0 0 
0 0 0 0 0 0 0 0 0 0 
0 0 0 0 0 0 0 0 0 0 
0 0 0 0 0 0 0 0 0 0 
0 0 0 0 0 0 0 0 0 0 

Generation 11

0 0 0 0 0 0 0 0 0 0 
0 0 0 0 0 0 0 0 0 0 
0 0 0 0 0 0 X 0 0 0 
0 0 0 0 0 X 0 X 0 0 
0 0 0 0 0 0 X 0 0 0 
0 0 0 0 0 0 0 0 0 0 
0 0 0 0 0 0 0 0 0 0 
0 0 0 0 0 0 0 0 0 0 
0 0 0 0 0 0 0 0 0 0 

Generation 12

0 0 0 0 0 0 0 0 0 0 
0 0 0 0 0 0 0 0 0 0 
0 0 0 0 0 0 X 0 0 0 
0 0 0 0 0 X 0 X 0 0 
0 0 0 0 0 0 X 0 0 0 
0 0 0 0 0 0 0 0 0 0 
0 0 0 0 0 0 0 0 0 0 
0 0 0 0 0 0 0 0 0 0 
0 0 0 0 0 0 0 0 0 0 

Generation 13

0 0 0 0 0 0 0 0 0 0 
0 0 0 0 0 0 0 0 0 0 
0 0 0 0 0 0 X 0 0 0 
0 0 0 0 0 X 0 X 0 0 
0 0 0 0 0 0 X 0 0 0 
0 0 0 0 0 0 0 0 0 0 
0 0 0 0 0 0 0 0 0 0 
0 0 0 0 0 0 0 0 0 0 
0 0 0 0 0 0 0 0 0 0 

Generation 14

0 0 0 0 0 0 0 0 0 0 
0 0 0 0 0 0 0 0 0 0 
0 0 0 0 0 0 X 0 0 0 
0 0 0 0 0 X 0 X 0 0 
0 0 0 0 0 0 X 0 0 0 
0 0 0 0 0 0 0 0 0 0 
0 0 0 0 0 0 0 0 0 0 
0 0 0 0 0 0 0 0 0 0 
0 0 0 0 0 0 0 0 0 0 

